p_values
0.01692343714520859
0.9576974939530034
0.8122858773598033
0.5827104993623881
0.3483044367607864
0.10322407855653155
0.7959469276212816
0.1951868770665876
0.9894962306886989
4.496574040550346e-4
0.2890364405452344
0.006118550142111295
0.5268576742478237
0.03205632047354598
0.21337733379090915
0.04761241107209691
0.6671173484447425
0.11667400449425365
0.009087894463910166
0.5972482863297653
0.3904393034111593
0.012862604957824713
0.8481666257312512
0.029202552429039734
0.9708231604040578
0.09617465263417384
0.04889859652452247
0.1474441958196478
0.4559123199204753
0.42175549523812306
0.7574429565887253
0.2974239350137692
0.11658512977074344
0.05136801505518746
0.659960556788669
0.9984762148274984
0.586317454480459
0.929549144493713
5.857500786413038e-4
0.9747238218676677
0.45592610693340563
0.7694900145555726
0.8678287394478124
0.8742995412167962
0.28896262177601445
0.38236233146843746
0.027179686771879024
0.3205720685386266
0.36713814243815257
0.9390802392871171
0.12498863157068177
0.6995091361545367
0.005167983962161364
0.008986761430513576
0.03574597543801697
0.5431875889770835
0.010375756338975181
0.24543118250442747
0.3596980642952823
0.0068192883360233695
0.4153487403702124
0.06683336327023487
0.41337532483934325
0.6608485615050625
0.4392803476389324
0.2582868167978709
0.18529581685125196
0.08150667923617204
0.6921039372180474
0.20783667627380267
6.436884377416257e-4
0.5927996921765064
0.11227244922509509
0.08136973769985978
0.524530082489048
0.8573476989636647
0.5516168513049677
0.19965483411519397
0.06511843487935559
0.16248200375238606
0.006773232775924394
0.5111149780160893
0.015716730523071123
5.247114803042645e-5
0.004715976210667295
0.0972206540948496
0.3224865939936198
0.009250932712010624
0.12703734373634387
0.7693110741151661
0.004649652236692813
0.1494737836030902
0.5786866465401166
0.08858913120857763
0.020477718795284153
0.5123607802962042
0.009970278139823397
0.06551624899471549
0.0015281635770327438
0.00732460453325539
